                                 enable  prepare  protect                                duty  hardware
   clock                          count    count    count        rate   accuracy phase  cycle    enable
-------------------------------------------------------------------------------------------------------
 ext_div_512                          1        1        0       46875          0     0  50000         Y
    mux_wdt                           1        1        0       46875          0     0  50000         Y
 rtc_ext                              1        1        0       32768          0     0  50000         Y
    gate_rtc                          1        1        0       32768          0     0  50000         Y
 ext                                  4        4        0    24000000          0     0  50000         Y
    mux_msc2                          1        1        0    24000000          0     0  50000         Y
       div_msc2                       2        2        0      400000          0     0  50000         ?
          gate_msc2                   1        1        0      400000          0     0  50000         Y
             pd_mem_msc2              0        0        0      400000          0     0  50000         Y
    gate_ost                          2        2        0    24000000          0     0  50000         Y
    mux_dmic                          0        0        0    24000000          0     0  50000         Y
       gate_dmic                      0        0        0    24000000          0     0  50000         N
          pd_mem_dmic                 0        0        0    24000000          0     0  50000         Y
    epll                              4        4        0   300000000          0     0  50000         Y
       mux_i2s3                       1        1        0   300000000          0     0  50000         Y
          div_i2s3                    2        2        0    24000000          0     0  50000         Y
             ce_i2s3                  1        1        0    24000000          0     0  50000         Y
             gate_i2s3                0        0        0    24000000          0     0  50000         N
       mux_i2s2                       1        1        0   300000000          0     0  50000         Y
          div_i2s2                    4        4        0    24000000          0     0  50000         Y
             mux_spdif                2        2        0    24000000          0     0  50000         Y
                gate_spdif            1        1        0    24000000          0     0  50000         Y
             mux_pcm                  2        2        0    24000000          0     0  50000         Y
                gate_pcm              0        0        0    24000000          0     0  50000         N
             ce_i2s2                  1        1        0    24000000          0     0  50000         Y
             gate_i2s2                0        0        0    24000000          0     0  50000         N
       mux_i2s1                       1        1        0   300000000          0     0  50000         Y
          div_i2s1                    3        3        0    24000000          0     0  50000         Y
             ce_i2s1                  1        1        0    24000000          0     0  50000         Y
             gate_i2s1                0        0        0    24000000          0     0  50000         N
       mux_i2s0                       1        1        0   300000000          0     0  50000         Y
          div_i2s0                    3        3        0    24000000          0     0  50000         Y
             ce_i2s0                  1        1        0    24000000          0     0  50000         Y
             gate_i2s0                0        0        0    24000000          0     0  50000         N
    mpll                              9        9        0  1500000000          0     0  50000         Y
       mux_msc1                       1        1        0  1500000000          0     0  50000         Y
          div_msc1                    4        4        0    46875000          0     0  50000         ?
             gate_msc1                3        3        0    46875000          0     0  50000         Y
                pd_mem_msc1           0        0        0    46875000          0     0  50000         Y
       mux_msc0                       1        1        0  1500000000          0     0  50000         Y
          div_msc0                    2        2        0    93750000          0     0  50000         ?
             gate_msc0                1        1        0    93750000          0     0  50000         Y
                pd_mem_msc0           0        0        0    93750000          0     0  50000         Y
       mux_rsa                        1        1        0  1500000000          0     0  50000         Y
          div_rsa                     1        1        0   500000000          0     0  50000         ?
             gate_rsa                 1        1        0   500000000          0     0  50000         Y
       mux_isp                        1        1        0  1500000000          0     0  50000         Y
          div_isp                     2        2        0   300000000          0     0  50000         ?
       mux_pwm                        1        1        0  1500000000          0     0  50000         Y
          div_pwm                     2        2        0    93750000          0     0  50000         ?
             gate_pwm                 1        1        0    93750000          0     0  50000         Y
       mux_cim                        0        0        0  1500000000          0     0  50000         Y
          div_cim                     0        0        0     5882353          0     0  50000         ?
             gate_cim                 0        0        0     5882353          0     0  50000         N
                pd_mem_cim            0        0        0     5882353          0     0  50000         Y
       mux_ssi                        0        0        0  1500000000          0     0  50000         Y
          div_ssi                     0        0        0     5882353          0     0  50000         ?
             gate_ssi0                0        0        0     5882353          0     0  50000         N
                pd_mem_ssi0           0        0        0     5882353          0     0  50000         Y
             gate_ssi1                0        0        0     5882353          0     0  50000         N
                pd_mem_ssi1           0        0        0     5882353          0     0  50000         Y
       mux_sfc                        1        1        0  1500000000          0     0  50000         Y
          div_sfc                     2        2        0   187500000          0     0  50000         ?
             gate_sfc                 1        1        0   187500000          0     0  50000         Y
                pd_mem_sfc            0        0        0   187500000          0     0  50000         Y
       mux_lcd                        1        1        0  1500000000          0     0  50000         Y
          div_lcd                     4        4        0    10791367          0     0  50000         ?
             gate_lcd                 3        3        0    10791367          0     0  50000         Y
       mux_macptp                     0        0        0  1500000000          0     0  50000         Y
          div_macptp                  0        0        0     5882353          0     0  50000         ?
       mux_mactxphy1                  0        0        0  1500000000          0     0  50000         Y
          div_mactxphy1               0        0        0   125000000          0     0  50000         ?
       mux_mactxphy                   0        0        0  1500000000          0     0  50000         Y
          div_mactxphy0               0        0        0     5882353          0     0  50000         ?
       mux_macphy                     0        0        0  1500000000          0     0  50000         Y
          div_macphy                  0        0        0    50000000          0     0  50000         ?
       mux_ddr                        0        0        0  1500000000          0     0  50000         Y
          div_ddr                     0        0        0   500000000          0     0  50000         ?
             gate_ddr                 0        0        0   500000000          0     0  50000         Y
                pd_mem_ddr_top        0        0        0   500000000          0     0  50000         Y
                pd_mem_ddr_ch0        0        0        0   500000000          0     0  50000         Y
                pd_mem_ddr_ch1        0        0        0   500000000          0     0  50000         Y
                pd_mem_ddr_ch3        0        0        0   500000000          0     0  50000         Y
                pd_mem_ddr_ch5        0        0        0   500000000          0     0  50000         Y
                pd_mem_ddr_ch6        0        0        0   500000000          0     0  50000         Y
       mux_ahb2                       2        2        0  1500000000          0     0  50000         Y
          div_apb                    10       10        0   150000000          0     0  50000         Y
             gate_cim_mclk            0        0        0   150000000          0     0  50000         N
             gate_usbphy              1        1        0   150000000          0     0  50000         Y
             gate_i2c4                1        1        0   150000000          0     0  50000         Y
             gate_i2c5                0        0        0   150000000          0     0  50000         N
             gate_isp0                2        2        0   150000000          0     0  50000         Y
                power_isp0            1        1        0   150000000          0     0  50000         Y
             gate_isp1                2        2        0   150000000          0     0  50000         Y
                power_isp1            1        1        0   150000000          0     0  50000         Y
             gate_uart3               0        0        0   150000000          0     0  50000         N
                pd_mem_uart3          0        0        0   150000000          0     0  50000         Y
             gate_uart4               1        1        0   150000000          0     0  50000         Y
                pd_mem_uart4          0        0        0   150000000          0     0  50000         Y
             gate_uart5               0        0        0   150000000          0     0  50000         N
                pd_mem_uart5          0        0        0   150000000          0     0  50000         Y
             gate_uart6               0        0        0   150000000          0     0  50000         N
                pd_mem_uart6          0        0        0   150000000          0     0  50000         Y
             gate_uart7               0        0        0   150000000          0     0  50000         N
                pd_mem_uart7          0        0        0   150000000          0     0  50000         Y
             gate_uart8               0        0        0   150000000          0     0  50000         N
                pd_mem_uart8          0        0        0   150000000          0     0  50000         Y
             gate_uart9               0        0        0   150000000          0     0  50000         N
                pd_mem_uart9          0        0        0   150000000          0     0  50000         Y
             gate_scc                 0        0        0   150000000          0     0  50000         N
             gate_i2c0                0        0        0   150000000          0     0  50000         N
             gate_i2c1                0        0        0   150000000          0     0  50000         N
             gate_i2c2                0        0        0   150000000          0     0  50000         N
             gate_i2c3                1        1        0   150000000          0     0  50000         Y
             gate_sadc                1        1        0   150000000          0     0  50000         Y
             gate_uart0               0        0        0   150000000          0     0  50000         N
                pd_mem_uart0          0        0        0   150000000          0     0  50000         Y
             gate_uart1               1        1        0   150000000          0     0  50000         Y
                pd_mem_uart1          0        0        0   150000000          0     0  50000         Y
             gate_uart2               0        0        0   150000000          0     0  50000         N
                pd_mem_uart2          0        0        0   150000000          0     0  50000         Y
             gate_dtrng               1        1        0   150000000          0     0  50000         Y
             gate_tcu                 2        2        0   150000000          0     0  50000         Y
          div_ahb2                    3        3        0   300000000          0     0  50000         Y
             gate_hash                0        0        0   300000000          0     0  50000         N
             gate_gmac0               0        0        0   300000000          0     0  50000         N
                pd_mem_gmac0          0        0        0   300000000          0     0  50000         Y
             gate_gmac1               0        0        0   300000000          0     0  50000         N
                pd_mem_gmac1          0        0        0   300000000          0     0  50000         Y
             gate_intc                0        0        0   300000000          0     0  50000         Y
             gate_nemc                0        0        0   300000000          0     0  50000         N
                pd_mem_nemc           0        0        0   300000000          0     0  50000         Y
             gate_efuse               0        0        0   300000000          0     0  50000         N
             gate_otg                 1        1        0   300000000          0     0  50000         Y
             gate_audio               1        1        0   300000000          0     0  50000         Y
                pd_mem_audio          0        0        0   300000000          0     0  50000         Y
             gate_pdma                1        1        0   300000000          0     0  50000         Y
                pd_mem_pdma           0        0        0   300000000          0     0  50000         Y
                pd_mem_pdma_sec       0        0        0   300000000          0     0  50000         Y
             gate_aes                 0        0        0   300000000          0     0  50000         N
                pd_mem_aes            0        0        0   300000000          0     0  50000         Y
          mux_audio_ram               0        0        0  1500000000          0     0  50000         Y
       mux_ahb0                       1        1        0  1500000000          0     0  50000         Y
          div_ahb0                    1        1        0   300000000          0     0  50000         Y
             gate_felix               0        0        0   300000000          0     0  50000         N
                power_felix           0        0        0   300000000          0     0  50000         N
             gate_rot                 0        0        0   300000000          0     0  50000         N
                pd_mem_rot            0        0        0   300000000          0     0  50000         Y
             gate_csi                 2        2        0   300000000          0     0  50000         Y
             gate_dsi                 0        0        0   300000000          0     0  50000         N
                pd_mem_dsi            0        0        0   300000000          0     0  50000         Y
             gate_arb                 0        0        0   300000000          0     0  50000         Y
             gate_helix               0        0        0   300000000          0     0  50000         N
                power_helix           0        0        0   300000000          0     0  50000         N
             gate_apb0                0        0        0   300000000          0     0  50000         Y
             gate_ahb0                0        0        0   300000000          0     0  50000         Y
    apll                              0        0        0  1200000000          0     0  50000         Y
       sclka                          0        0        0  1200000000          0     0  50000         Y
          mux_cpu_l2c                 0        0        0  1200000000          0     0  50000         Y
             div_cpu_l2c_x2           0        0        0  1200000000          0     0  50000         Y
             div_cpu_l2c_x1           0        0        0  1200000000          0     0  50000         Y
             div_l2c                  0        0        0   600000000          0     0  50000         Y
             div_cpu                  0        0        0  1200000000          0     0  50000         Y
 pd_mem_dpu                           0        0        0           0          0     0  50000         Y
 pd_mem_usb                           0        0        0           0          0     0  50000         Y
